0 1031 16 11 32 1
0 559 72 5 1 1
0 1732 32 2 2 3
0 431 13 6 23 17
0 475 62 12 10 4
0 32 58 0 87 3
0 62 129 0 292 65
0 127 504 0 753 42
0 167 370 1 5524 97
0 158 152 0 246 8
0 303 475 0 740 20
0 677 1440 0 33 6
0 434 780 0 457 23
0 297 650 0 91 14
0 134 688 0 37 78
0 110 415 0 39 2
0 5 5 0 33 6
0 108 250 0 87 2
0 200 475 0 188 7
0 227 393 0 496 86
0 141 727 12 126 18
0 266 73 0 440 28
0 149 269 1 79 49
0 286 374 0 93 46
0 271 385 0 109 92
0 234 413 0 408 72
0 34 27 1 16 11
0 660 570 0 197 15
0 512 464 4 60 17
0 640 856 0 20 18
0 207 178 0 740 15
0 51 190 2 65 85
0 210 364 0 19 17
0 1752 695 0 38 46
0 365 73 0 1 5
0 116 384 1 28 4
0 225 426 0 43 2
0 454 710 1 220 31
0 39 634 3 561 86
0 396 2040 0 17 9
0 34 113 0 242 94
0 79 424 32 1318 28
0 155 1091 0 103 7
0 497 2087 2 177 9
0 166 209 14 437 110
0 516 1010 6 42 5
0 349 424 2 38 3
0 85 513 0 3 1
0 49 751 0 46 16
0 55 77 45 473 56
0 134 113 0 69 26
0 57 445 5 60 31
0 439 852 2 405 108
0 85 128 29 203 10
0 144 129 102 806 136
0 36 279 14 108 23
0 136 443 0 26 41
0 218 516 0 1214 12
0 103 237 8 475 27
0 16 118 0 8 3
0 263 709 0 28 8
0 1330 11 1 110 2
0 1136 13 1 77 3
0 903 14 3 32 6
0 1400 24 25 77 8
0 1119 59 3 6 1
0 3387 15 4 26 2
0 2860 21 0 2 0
0 1885 61 19 13 3
0 731 58 3 128 6
0 2145 2 6 69 5
0 1126 9 1 21 0
0 352 64 1 224 7
0 1336 62 0 28 14
0 194 12 0 3 1
0 1897 13 2 46 1
0 750 4 7 50 2
0 1427 16 15 199 11
0 295 76 0 14 9
0 708 16 6 37 14
0 1020 16 3 20 2
0 720 40 0 9 3
0 2054 33 0 19 1
0 1255 8 4 14 2
0 219 15 1 6 2
0 845 47 0 107 4
0 1054 107 45 62 14
0 351 58 8 551 35
0 1448 18 1 80 1
0 739 5 1 113 9
0 1232 34 1 1 0
0 1257 32 16 85 9
0 1867 47 105 28 4
0 4616 11 0 11 0
0 2775 52 3 4 3
0 1651 68 12 15 0
0 6844 7 6 12 5
0 3702 13 14 12 3
0 5634 73 8 8 19
0 3672 13 9 83 5
0 1180 46 0 15 4
0 1579 2 2 20 6
0 3355 18 12 38 3
0 1418 36 8 40 11
0 2441 40 2 19 1
0 67 1 1 21 3
0 3052 19 12 53 2
0 2145 10 14 43 4
0 3511 39 3 46 5
0 2503 38 100 103 3
0 1462 63 19 261 1
0 677 22 25 43 6
0 1675 55 1 12 2
0 1978 39 3 41 3
0 6514 48 433 68 9
0 1429 19 22 394 4
0 976 42 8 23 8
0 2765 57 0 26 2
0 3003 12 5 4 3
0 4748 37 40 27 16
0 446 20 54 32 5
0 2067 78 0 7 1
0 487 31 0 131 1
0 3737 26 68 117 1
0 1548 9 27 19 0
0 2642 41 7 66 3
0 2967 187 18 65 8
0 4259 88 20 43 2
0 1414 37 15 71 1
0 2288 25 15 24 0
0 2874 8 15 42 1
0 965 18 2 36 1
0 5857 7 102 25 1
0 452 583 0 100 77
0 446 13 100 83 5
0 999 24 0 9 11
0 2136 10 4 26 0
0 3363 27 16 16 2
0 2838 54 0 16 3
0 1947 99 29 157 10
0 5380 33 9 61 42
0 1612 32 2 12 2
0 1982 108 16 64 37
0 98 73 1 361 12
0 1376 37 19 289 2
0 3278 72 15 120 5
0 3484 26 5 8 7
0 1650 12 0 7 0
0 3432 48 1 211 4
0 6199 3 86 89 14
0 5872 31 1 13 10
0 1650 28 391 446 12
0 3279 19 7 32 2
0 1453 66 0 35 14
0 964 31 1 74 6
0 3740 15 16 43 6
0 3781 2 32 149 1
0 5359 15 17 218 3
0 4788 8 2 10 7
0 5058 3 31 281 2
0 2704 65 37 320 2
0 2739 6 0 3 1
0 5338 121 18 217 17
0 2011 44 2 45 4
0 648 11 1 21 0
0 2279 29 0 19 4
0 834 41 5 262 10
0 804 18 5 17 5
0 180 75 4 126 0
0 2434 93 41 102 11
0 570 37 0 251 14
0 601 1 4 30 3
0 2888 57 15 23 4
0 2058 2 21 20 2
0 2232 8 13 13 1
0 3558 1 46 112 5
0 1560 27 0 16 7
0 629 41 1 566 3
0 1088 20 38 181 5
0 1255 147 16 38 24
0 5409 33 5 6 4
0 2377 2 43 54 5
0 1388 3 7 8 4
0 2699 3 3 15 1
0 1843 16 13 60 3
0 2658 32 30 3 8
0 2227 6 72 18 2
0 1651 13 214 245 8
0 418 27 3 131 3
0 676 23 9 62 2
0 870 52 22 1263 23
0 1065 134 10 247 21
0 772 104 0 291 1
0 2558 77 12 21 8
0 1267 84 34 417 19
0 1523 40 5 3 8
0 4225 74 3 63 1
0 2568 162 7 320 10
0 6191 13 96 73 12
0 3325 64 20 29 2
0 3115 42 26 114 1
0 1705 12 5 17 0
0 3276 9 2 63 5
0 1657 16 1 59 5
0 7088 12 4 5 5
0 2247 25 0 8 3
0 3103 4 114 131 2
0 2964 57 51 57 4
0 2164 28 1 16 0
0 2546 85 29 67 10
0 3075 2 161 47 20
0 1614 125 3 138 2
0 1393 20 10 23 1
0 1659 116 30 491 9
0 715 303 78 225 15
0 2921 9 3 7 2
0 3097 27 1 3 0
0 445 10 1 5 0
0 4295 12 1 68 9
0 2358 49 18 15 4
0 3397 43 6 58 1
0 4695 5 8 14 0
0 2422 4 4 18 2
0 1267 26 3 55 1
0 7119 4 25 19 9
0 3594 23 8 29 6
0 1931 30 1 120 2
0 2850 198 17 131 29
0 2055 6 11 91 5
0 2069 10 1 6 3
0 1575 4 52 125 1
0 789 11 0 91 5
0 4527 10 11 28 16
0 1529 7 8 22 1
0 1334 73 3 8 1
0 4066 20 3 5 0
0 5513 18 11 16 4
0 841 30 0 94 1
0 3172 0 6 44 0
0 755 7 1 91 0
0 2451 226 0 100 28
0 3775 73 0 22 0
0 2633 4 2 26 1
0 1577 7 1 26 4
0 2407 24 2 100 8
0 1315 27 8 10 0
0 7380 48 2 8 0
0 3354 3 18 35 3
0 3196 51 5 8 1
0 3868 20 5 25 1
0 1622 9 17 653 14
0 4060 308 4 20 8
0 2591 9 49 144 15
0 4195 122 4 19 2
0 5523 5 6 15 7
0 6805 1 43 71 3
0 456 46 14 35 5
0 4370 38 2 6 6
0 2704 54 1 2 9
0 742 66 4 4 5
0 6505 14 15 49 28
0 5193 9 51 183 12
0 4021 62 3 9 3
0 945 5 1 22 3
0 2663 38 6 15 1
0 7033 7 10 7 2
0 1265 7 9 32 3
0 1447 28 4 1 94
0 539 21 67 410 5
0 2821 33 18 275 5
0 4364 26 138 59 5
0 4369 99 35 38 4
0 7358 35 92 77 23
0 2258 21 1 5 5
0 2881 28 2 17 4
0 16688 19 71 79 41
0 2039 54 3 26 2
0 1335 24 34 80 1
0 5241 8 27 41 6
0 2979 32 13 69 2
0 1036 47 0 38 2
0 4452 136 56 47 12
0 292 17 23 19 20
0 5028 14 1 4 2
0 3184 29 24 466 5
0 744 4 20 33 0
0 1829 36 6 31 8
0 7685 20 14 46 3
0 1165 10 26 87 4
0 2197 26 3 22 5
0 3506 13 20 26 1
0 2399 186 3 93 4
0 3272 10 2 445 6
0 2141 1 5 5 0
0 1294 7 4 20 1
0 2395 55 75 253 7
0 4086 2 75 53 26
0 1806 94 2 52 3
0 1020 13 1 15 2
0 5987 205 3 17 8
0 3776 90 2 2 6
0 9481 17 1441 81 45
0 3422 23 120 168 34
0 2567 21 5 6 4
0 4877 10 71 174 13
0 1652 16 11 87 36
0 541 3 57 27 7
0 995 15 1 5 2
0 453 13 1 3 4
0 6464 20 4 9 0
0 1747 28 4 3 19
0 3860 12 15 89 0
0 2431 28 3 6 1
0 2845 11 3 10 1
0 8452 5 136 13 39
0 7541 7 153 26 12
0 1663 3 1 7 0
0 1344 56 0 4 12
0 4720 49 104 131 3
0 1377 599 17 79 3
0 2844 37 5 25 1
0 1402 34 6 126 3
0 3649 49 1 17 2
0 1192 139 0 466 3
0 1799 8 8 16 1
0 871 15 0 11 1
0 1322 86 0 18 3
0 6094 27 1 9 0
0 1193 21 0 37 1
0 5966 18 17 277 6
0 1379 47 3 67 2
0 455 23 10 89 10
0 57 268 0 9 5
0 751 458 4 30 1
0 5721 31 7 17 5
0 528 23 2 20 3
0 6642 47 7 92 3
0 814 11 2 40 2
0 402 1 19 31 2
0 599 48 32 12 10
0 530 167 0 21 3
0 880 29 2 30 3
0 11907 28 86 56 29
0 6822 277 2 69 7
0 2049 121 0 4 1
0 2220 61 5 5 1
0 1412 60 11 132 5
0 1066 3 1 14 0
0 2335 8 3 3 0
0 5285 30 17 16 4
0 575 27 11 8 2
0 1060 39 21 45 2
0 988 46 14 5 1
0 1666 118 273 134 4
0 1 10 1 70 915
0 1350 102 0 0 0
0 2898 18 35 11 0
0 588 178 6 45 1
0 1433 48 5 46 4
0 5523 8 102 29 0
0 1301 3 9 10 3
0 1200 98 3 125 2
0 955 36 15 21 7
0 5465 47 5 21 1
0 2514 23 139 15 0
0 4381 5 138 71 1
0 1467 5 45 160 7
0 2071 6 3 53 0
0 1088 30 37 114 8
0 4914 31 5 12 3
0 4102 3 23 26 1
0 1644 7 1 187 0
0 1720 20 16 95 3
0 2165 208 35 95 12
0 7098 26 1 10 0
0 4103 17 2 62 4
0 2012 71 8 13 28
0 2165 10 9 7 2
0 0 72 0 11305 0
0 2985 46 4 116 1
0 9259 33 302 99 27
0 1757 11 1 44 1
0 2659 13 0 23 0
0 2648 81 3 25 7
0 909 94 0 38 4
0 371 12 6 117 2
0 2299 62 0 26 0
0 1088 33 19 156 12
0 3340 30 6 336 0
0 345 128 0 20 113
0 812 48 1 25 1
0 1639 38 0 4 1
0 4786 43 28 7 5
0 398 52 53 24 2
0 2910 27 1 3 3
0 1409 46 4 57 5
0 373 172 4 326 25
0 715 156 0 1 4
0 843 28 1 4 3
0 1852 6 13 10 0
0 894 17 4 2 1
0 532 91 0 5 0
0 1101 26 5 10 0
0 63 14 0 43 345
0 238 105 7 13 3
0 1236 43 100 25 14
0 1192 57 6 7 5
0 813 17 6 5 0
0 814 47 1 31 5
0 498 158 1 0 1
0 446 18 4 2 0
0 400 27 0 0 3
0 439 4 7 18 0
0 1986 19 3 6 0
0 242 24 6 11 2
0 241 24 5 3 1
0 701 68 1 0 0
0 1472 3 6 4 1
0 966 55 3 6 1
0 1606 16 5 6 1
0 4921 86 3 4 0
0 1076 67 140 14 3
0 700 20 14 14 1
0 1004 32 9 15 1
0 2434 33 52 59 6
0 3297 28 0 9 4
0 669 76 1 37 2
0 1767 9 13 10 1
0 2629 54 0 7 2
0 1315 23 14 6 3
0 2095 21 7 37 2
0 123 0 697 280 1
0 1943 97 455 885 14
0 2015 18 210 144 14
0 3587 1 1496 247 3
0 837 34 88 71 12
0 990 81 207 170 10
0 1337 15 1014 160 2
0 5070 18 325 28 0
0 1427 5 966 137 24
0 4255 182 409 222 14
0 432 886 0 149 9
0 353 2396 0 39 3
0 449 727 1 48 7
0 340 1686 0 827 10
0 682 1058 0 447 6
0 90 635 4 126 6
0 90 258 0 482 19
0 183 1950 0 274 17
0 489 1586 0 369 13
0 546 947 0 124 20
0 170 488 0 71 10
0 338 1623 0 40 8
0 245 864 1 186 16
0 144 720 0 14 2
0 505 512 0 848 70
0 210 1026 1 635 111
0 331 947 0 355 31
0 909 441 1 79 60
0 147 1162 2 682 17
0 156 5231 0 428 54
0 831 1636 0 756 6
0 473 163 0 465 38
0 206 1767 0 78 14
0 662 769 0 550 3
0 438 827 1 129 34
0 468 1571 0 13 5
0 294 1705 0 183 10
0 237 1236 0 100 3
0 73 598 0 38 1
0 47 746 7 175 10
0 307 2146 0 68 14
0 60 602 0 10 3
0 234 1420 1 464 11
0 279 888 3 1732 29
0 348 1612 0 964 81
0 44 554 1 281 30
0 80 692 0 744 17
0 87 1032 0 52 17
0 245 2680 0 792 9
0 193 1592 0 1226 4
0 120 1162 2 1470 27
0 45 480 0 49 0
0 138 1092 0 1015 1
0 116 1399 5 3467 5
0 42 425 0 1679 15
0 166 559 0 480 9
0 81 1609 0 673 14
0 981 4068 0 1499 68
0 336 2421 0 63 0
0 103 1514 0 143 11
0 143 1858 0 329 24
0 147 4595 0 122 9
0 145 2224 0 191 39
0 253 1850 0 2312 26
0 263 1088 0 1367 47
0 114 1228 0 425 21
0 640 1972 0 180 26
0 78 774 0 86 74
0 37 394 0 2236 9
0 86 1554 0 227 21
0 45 2464 2 340 35
0 304 1571 0 347 18
0 48 461 0 241 3
0 145 850 0 429 7
0 108 1127 0 195 29
0 38 72 0 1753 5
0 154 486 2 2880 48
0 96 313 1 542 133
0 80 291 0 2147 31
0 362 3062 0 117 40
0 132 1461 0 410 64
0 653 1543 1 320 42
0 244 1111 0 48 19
0 269 518 0 1399 14
0 208 4621 3 56 24
0 225 2080 0 722 43
0 276 2049 0 51 27
0 19 397 0 13 42
0 190 532 0 67 8
0 131 582 0 1133 49
0 322 1438 0 789 8
0 376 2224 0 557 33
0 22 408 3 216 17
0 68 231 0 239 34
0 507 2014 2 1225 57
0 131 784 0 80 24
0 211 1638 0 969 3
0 163 2776 0 681 54
0 72 1568 0 192 50
0 70 3981 2 60 25
0 347 1188 0 17 35
0 86 1491 0 171 18
0 398 4596 0 167 23
0 224 3582 0 118 6
0 446 2920 0 409 17
0 507 1604 0 107 19
0 432 2361 0 90 30
0 384 641 0 1974 27
0 178 717 2 2566 25
0 137 1166 0 215 11
0 81 243 1 5253 20
0 169 2565 0 206 24
0 538 2165 0 153 19
0 43 459 0 17 23
0 102 625 1 215 180
0 44 727 0 144 21
0 33 1000 0 458 34
0 116 742 1 591 97
0 205 3214 0 658 48
0 242 2514 1 194 95
0 278 1199 1 2079 50
0 208 2300 0 1927 41
0 25 1640 0 30 3
0 48 1042 0 161 9
0 149 673 0 50 2
0 15 258 0 120 2
0 469 1471 0 128 24
0 120 662 0 581 34
0 675 1441 1 527 7
0 611 1561 5 906 61
0 1336 2296 2 440 44
0 559 5828 0 290 43
0 120 863 2 292 16
0 258 1106 0 180 16
0 414 1018 5 260 8
0 54 642 0 33 28
0 174 501 0 5 28
0 314 788 1 121 28
0 54 1098 3 95 22
0 68 429 14 1497 86
0 440 947 0 217 30
0 284 1911 3 53 20
0 161 1456 0 987 214
0 465 1476 2 75 6
0 341 2129 0 177 19
0 159 932 0 14 16
0 549 1175 0 95 18
0 180 169 1 4207 71
0 267 1477 1 148 3
0 825 510 2 505 66
0 121 1728 0 2361 46
0 538 1213 14 677 11
0 13 202 1 9 27
0 130 209 2 1492 31
0 1277 1971 1 235 51
0 2097 912 0 46 9
0 460 3491 0 35 16
0 352 964 2 33 92
0 1234 1278 0 152 17
0 1041 1985 0 260 38
0 477 482 0 325 4
0 929 122 0 900 41
0 3625 1253 0 135 69
0 879 516 0 81 3
0 1103 761 2 403 22
0 468 2561 1 105 168
0 434 397 0 217 10
0 358 459 46 120 27
0 499 231 0 196 13
0 495 786 0 80 9
0 1233 347 0 622 78
0 1084 862 0 41 4
0 87 377 7 13 0
0 320 1588 0 162 15
0 548 516 3 383 8
0 859 698 1 74 21
0 389 1520 0 440 18
0 675 751 0 78 29
0 820 371 2 211 15
0 1192 869 0 1707 25
0 459 1386 0 532 12
0 588 2999 0 172 70
0 514 3081 0 137 26
0 152 710 2 303 23
0 1000 6126 0 234 46
0 755 2194 0 417 14
0 378 573 3 538 36
0 1003 926 0 1829 16
0 158 206 0 45 5
0 1290 510 0 1640 15
0 824 2554 0 639 71
0 419 104 0 140 13
0 169 265 2 59 16
0 619 969 5 80 8
0 1008 2151 0 622 27
0 1361 2489 1 173 33
0 389 85 0 290 4
0 422 3390 0 147 19
0 682 1249 0 416 16
0 311 1081 1 360 21
0 485 1130 0 264 5
0 646 2281 0 3641 45
0 478 1489 1 269 116
0 133 492 2 142 10
0 199 919 0 1312 28
0 117 825 0 106 28
0 402 1140 1 141 16
0 297 1037 5 851 37
0 345 960 0 73 9
0 152 1000 1 117 27
0 225 1522 0 108 5
0 2086 1394 2 464 23
0 272 532 1 98 12
0 811 1646 0 44 238
0 454 1100 2 80 82
0 364 581 17 352 10
0 887 171 2 123 15
0 119 694 0 12 2
0 313 478 0 661 20
0 156 471 0 158 8
0 621 719 3 48 28
0 122 295 0 76 9
0 171 414 0 1402 17
0 895 792 4 889 24
0 488 3106 0 477 32
0 60 1127 0 11 2
0 537 1318 78 348 150
0 185 884 0 28 3
0 307 1065 0 118 40
0 821 1145 1 116 7
0 371 620 1 439 50
0 229 802 7 864 83
0 175 475 0 137 23
0 167 4953 0 8 10
0 246 748 21 540 49
0 35 308 0 0 1
0 13 263 0 1 17
0 63 609 0 832 15
0 3 142 0 28 1
0 35 819 0 16 15
0 361 1130 8 287 17
0 551 910 0 224 179
0 51 602 0 66 29
0 482 825 10 4290 273
0 369 1776 0 459 36
0 228 1074 0 31 9
0 332 1115 12 2141 9
0 365 4393 2 673 15
0 746 1185 12 729 18
0 95 213 0 38 15
0 595 2069 2 74 4
0 364 689 0 183 16
0 25 1752 0 19 10
0 187 1669 1 288 80
0 67 772 0 229 127
0 680 4805 10 923 3
0 944 3034 2 159 79
0 395 611 4 92 30
0 826 1432 0 63 3
0 196 217 20 38 3
0 216 277 1 261 1
0 414 1845 0 111 4
0 93 777 1 49 5
0 654 2669 0 10 5
0 292 3560 1 6 3
0 114 525 10 1058 3
0 66 3720 0 154 42
0 135 2695 3 179 38
0 102 4653 1 644 76
0 442 2368 4 24 8
0 226 1266 0 54 12
0 331 2067 2 54 6
0 123 918 48 186 10
0 336 1088 13 3832 88
0 249 651 6 913 4
0 238 1392 10 437 6
0 723 679 18 130 13
0 676 1439 8 336 6
0 152 873 8 498 44
0 87 362 23 785 5
0 755 450 20 304 7
0 72 1971 6 143 67
0 78 1475 1 24 9
0 51 644 1 17 14
0 145 2390 0 65 50
0 138 1823 12 101 31
0 92 176 112 515 19
0 122 1329 21 218 27
0 141 657 59 80 55
0 216 1369 0 116 9
0 42 2260 2 19 7
0 379 881 2 50 15
0 51 1774 42 215 75
0 261 535 0 177 10
0 79 964 1 109 26
0 110 945 1 42 9
0 294 1402 31 564 42
0 185 951 15 204 22
0 486 1066 80 3693 10
0 119 431 0 1278 27
0 304 752 0 15 1
0 345 3332 0 776 8
0 596 1042 0 148 20
0 148 1005 3 344 2
0 77 432 0 42 3
0 239 2205 6 473 32
0 240 1648 24 178 24
0 43 464 19 27 38
0 1152 1028 3 232 14
0 494 647 16 85 117
0 560 181 6 176 6
0 1083 1265 2 156 24
0 672 1450 12 138 73
0 13 214 0 7 0
0 36 408 32 620 35
0 109 5352 1 49 47
0 385 1312 0 8 24
0 129 243 457 1419 20
0 135 495 122 941 55
0 267 870 216 386 4
0 207 84 177 2898 46
0 760 343 3 24 15
0 186 94 399 115 3
0 766 229 622 210 5
0 69 230 211 94 16
0 481 121 20 1387 10
0 29 67 13 25 23
0 381 296 33 85 44
0 20 13 281 234 13
0 1597 261 13 398 68
0 451 148 2 252 19
0 230 82 23 62 7
0 171 70 225 589 47
0 237 554 12 318 2
0 50 20 4 40 1
0 259 77 38 74 2
0 1815 12 518 128 10
0 649 137 2 1179 7
0 1132 57 91 77 4
0 3248 31 368 145 5
0 2015 8 132 58 0
0 2206 27 112 83 1
0 32 5 586 48 13
0 1147 9 318 154 15
0 922 39 260 35 2
0 1010 6 2323 197 27
0 1183 15 337 147 3
0 494 13 3106 96 4
0 875 1 2580 820 14
0 4645 2 640 46 12
0 1874 97 41 30 16
0 582 18 929 556 0
0 756 11 114 41 11
0 1437 24 267 100 6
0 1033 46 17 12 1
0 885 11 65 9 2
0 838 1 2170 121 4
0 153 0 84 9698 0
0 1884 18 397 314 1
0 127 2 648 37 3
0 1153 28 443 263 49
0 7528 14 25 26 4
0 2967 24 739 129 13
0 1887 4 175 27 5
0 2711 11 35 59 1
0 835 7 186 84 4
0 956 18 51 4 1
0 720 30 149 24 0
0 100 4 1094 40 9
0 2121 8 137 41 3
0 821 7 2196 77 8
0 1240 27 164 36 5
0 24 18 6 14004 187
0 49 20 6 1871 30
0 27 157 0 243 8
0 575 829 9 1214 9
0 121 69 617 8046 26
0 163 86 5 6438 281
0 76 119 30 5625 18
0 65 99 81 5445 19
0 259 139 5 3593 47
0 254 85 42 5825 59
0 19 43 47 12052 103
0 206 316 1 2074 34
0 419 361 3 519 282
0 133 301 13 6068 74
0 73 224 34 1183 26
0 2 23 7 4786 79
0 43 536 4 1552 70
0 129 338 2 3680 740
0 243 693 2 1401 28
0 97 834 0 4095 226
0 436 705 136 5224 129
0 422 116 6 1325 19
0 169 182 3 1633 176
0 64 765 3 833 79
0 28 50 20 626 4
0 120 476 5 4306 24
0 205 334 38 2708 88
0 100 28 1 9101 25
0 17 79 1 321 60
0 54 166 15 1723 5
0 114 458 5 1732 55
0 282 383 20 1160 86
0 68 56 0 146 9
0 43 711 3 1723 296
0 9 71 0 5897 462
0 392 353 8 5119 195
0 38 51 2 4776 43
0 16 28 6 9677 52
0 94 583 130 2048 45
0 26 207 4 1523 34
0 420 471 0 218 42
0 16 18 1 8964 12
0 19 211 2 14926 122
0 176 456 0 1130 22
0 27 57 3 5493 5
0 23 46 6 9103 157
0 209 127 0 6024 43
0 290 347 2 1500 72
0 523 245 13 2935 72
0 105 388 20 2572 20
0 57 76 0 7948 70
0 55 43 0 7923 696
0 112 148 5 3027 25
0 198 420 0 734 41
0 75 114 0 919 62
0 68 222 34 1439 51
0 475 302 11 5360 197
0 24 66 7 1913 21
0 148 317 0 1094 18
0 35 236 1 1462 34
0 85 490 1 8562 481
0 143 282 3 6005 113
0 278 650 0 3398 17
0 4 147 0 6184 128
0 154 1158 0 1247 5
0 119 196 0 9369 4
0 32 56 0 486 98
0 82 227 1 16695 632
0 604 486 20 3920 33
0 27 485 0 1186 16
0 100 217 0 4693 7
0 67 269 0 370 13
0 212 305 0 213 55
0 89 80 0 37338 155
0 177 217 0 7601 142
0 35 262 0 1494 29
0 52 107 8 4922 27
0 379 867 0 12690 100
0 60 244 22 972 18
0 195 184 0 4594 24
0 5 72 0 17900 32
0 75 813 0 1239 27
0 7 19 0 6773 118
0 191 1001 0 1545 37
0 16 189 0 12873 203
0 23 178 0 7472 81
0 82 885 0 8786 68
0 24 360 0 11914 113
0 13 978 0 2891 51
0 14 67 0 7215 105
0 25 1317 0 4459 66
0 64 71 0 25153 829
0 171 464 9 3221 41
0 716 435 14 609 119
0 1273 1500 15 4820 93
0 198 395 6 11198 113
0 147 135 44 3783 23
0 504 194 47 408 21
0 154 202 0 101 9
0 148 353 19 906 18
0 555 691 36 641 58
0 133 475 18 1034 6
0 134 1202 32 1176 22
0 10 480 0 124 5
0 44 1556 9 948 20
0 358 2178 18 3239 102
0 99 409 27 10994 182
0 140 1229 56 4859 7
0 44 278 30 683 29
0 325 732 11 756 3
0 490 119 547 9560 187
0 1098 1 216 4615 8
0 1569 41 9 21 4
0 1099 53 1 48 4
0 2872 44 2 180 1
0 688 22 0 272 5
0 1888 35 1 19 2
0 1709 28 2 5 9
0 2029 51 0 17 1
0 2864 8 35 88 11
0 2512 72 5 15 18
0 2145 19 10 38 21
0 1114 127 62 51 36
0 2196 358 11 41 74
0 1804 113 11 53 3
0 1569 16 31 67 0
0 3143 62 47 122 15
0 4159 47 6 16 3
0 2456 34 0 16 2
0 6449 182 52 56 20
0 4382 33 2 31 0
0 613 30 2 20 1
0 673 3 466 9 4
0 1820 51 28 89 11
0 2464 19 34 14 9
0 1181 22 52 104 5
0 1220 20 23 53 6
0 1378 46 20 40 13
0 3491 23 462 41 8
0 1533 61 1 75 8
0 2175 13 5 4 0
0 668 82 10 27 3
0 3135 88 142 71 8
0 512 18 1 16 6
0 1965 11 4 67 5
0 235 70 2 15 10
0 1643 24 24 254 9
0 2261 141 5 13 11
0 3051 12 14 16 0
0 3169 7 13 17 1
0 1609 140 1 39 19
0 3742 782 11 148 93
0 3225 35 3 37 4
0 7061 41 2 12 13
0 4055 17 2 39 1
0 466 40 2 29 6
0 1366 19 43 111 8
0 1200 67 0 36 2
0 6533 20 189 74 3
0 1114 38 2 26 5
0 2561 15 5 22 3
0 3075 30 6 12 0
0 5760 22 10 254 3
0 1311 18 2 94 3
0 2216 12 17 47 4
0 2981 108 176 721 30
0 1780 96 40 92 13
0 2455 11 48 31 3
0 4381 10 30 54 2
0 4489 58 152 153 23
0 6678 7 42 202 5
0 3061 8 132 174 6
0 4939 29 17 40 9
0 2489 69 22 258 11
0 1951 2 16 114 5
0 7471 21 6 45 10
0 4148 106 9 51 14
0 1831 94 32 671 16
0 446 18 0 187 3
0 2989 48 29 68 8
0 1469 151 0 3 2
0 696 3 3 7 0
0 4802 11 291 116 9
0 3650 4 111 256 2
0 4312 28 3 66 1
0 5141 0 13 39 9
0 1229 2 4 30 5
0 4056 30 31 66 5
0 1023 775 0 50 4
0 447 323 5 1354 11
0 14 36 0 2 2
0 200 2713 1 311 0
0 1020 701 2 438 8
0 1835 1184 1 251 15
0 2113 2214 0 166 32
0 637 533 4 457 52
0 2037 1068 3 184 2
0 480 550 0 220 6
0 159 592 0 18 2
0 806 615 37 777 12
0 329 394 16 1680 12
0 869 3773 2 157 1
0 246 199 0 259 11
0 950 1394 0 283 3
0 636 1312 0 223 7
0 240 188 0 76 2
0 1549 114 19 774 17
0 531 330 6 493 9
0 617 188 0 177 3
0 1561 2163 2 304 45
0 2019 1498 8 203 6
0 677 1234 4 607 5
0 263 458 1 88 3
0 1865 1439 0 57 5
0 945 557 2 210 11
0 500 1421 0 101 399
0 863 832 18 1159 63
0 361 1004 9 219 13
0 328 650 0 54 5
0 403 358 10 348 4
0 319 816 0 65 5
0 1776 8 1545 22 22
0 0 0 0 2 8
0 2921 0 291 95 5
0 3892 17 306 140 4
0 3090 154 58 32 8
0 1732 5 218 11 6
0 2219 32 84 17 0
0 898 38 16 19 3
0 546 33 29 62 5
0 58 101 0 0 3
0 112 19 17 8 6
0 2381 10 42 16 5
0 1309 4 361 19 6
0 1492 7 474 68 3
0 1444 24 636 703 240
0 1488 87 62 21 41
0 1398 74 258 202 11
0 514 4 170 169 6
0 821 12 320 23 3
0 1237 4 585 12 9
0 792 164 132 384 26
0 1288 6 51 25 2
0 1679 30 206 46 10
0 1339 8 23 17 0
0 2951 45 33 13 14
0 3535 4 1276 297 2
0 3787 12 247 141 9
0 1646 9 112 31 9
0 1617 19 22 503 2
0 1198 3 286 71 2
0 1089 5 249 96 5
0 1465 23 223 70 14
0 1238 11 1287 313 47
0 3504 22 309 83 2
0 4487 23 334 55 28
0 2390 7 1749 229 1
0 658 126 66 376 8
0 3414 31 294 492 7
0 1916 56 17 213 11
0 2850 105 40 18 24
0 324 43 9 621 18
0 386 24 8 63 2
0 2265 49 170 221 8
0 708 24 24 244 1
0 2886 28 614 785 51
0 11308 0 323 350 41
0 4633 36 53 54 4
0 207 70 39 268 4
0 2214 18 2 58 12
0 2644 66 15 65 9
0 2683 14 30 118 4
0 1569 238 0 25 43
0 3401 10 158 203 22
0 1986 70 31 206 8
0 1661 95 82 74 16
0 2956 36 110 147 14
0 3612 87 65 74 10
0 841 56 5 29 5
0 96 4 4 205 5
0 1252 20 8 204 5
0 4170 21 417 205 18
0 1847 31 30 392 3
0 852 188 2 660 18
0 2258 64 1400 1059 122
0 158 12 35 699 12
0 1943 45 10 68 23
0 860 2 272 2150 2
0 1 1 0 127 10
0 9 111 0 100 10
0 0 1 0 8 11
0 2245 19 170 64 24
0 3289 5 171 448 17
0 0 0 0 1144 58
0 2176 8 1330 345 87
0 5 12 0 6 15
0 1840 98 61 212 6
0 2366 23 44 34 5
0 157 7 660 45 4
0 457 48 60 37 2
0 699 3 1245 27 9
0 765 13 337 52 6
0 1808 26 276 75 4
0 398 139 42 129 5
0 344 7 1872 87 5
0 2465 10 537 78 5
0 1893 42 109 437 3
0 248 18 6 310 12
0 334 7 1049 57 4
0 1911 54 102 45 3
0 1640 1 386 243 1
0 580 4 1696 420 12
0 1094 133 51 82 5
0 929 117 63 88 12
0 1370 20 206 28 2
0 1813 9 1146 57 41
0 1140 20 323 46 4
0 1876 24 267 199 10
0 6994 47 453 89 6
0 156 11 28 6 12
0 4936 108 65 45 6
0 2331 139 67 98 6
0 2308 22 556 1035 4
0 999 37 61 120 1
0 500 45 39 233 16
0 3123 14 101 19 12
0 0 0 0 3 3
0 2441 29 497 319 10
0 800 84 7 27 10
0 1321 15 31 40 1
0 1726 19 42 64 5
0 1211 31 103 87 8
0 842 130 10 984 7
0 418 17 11 68 2
0 3155 7 51 187 0
0 1746 11 59 102 1
0 8 0 0 4 2
0 2004 27 207 409 2
0 475 58 116 1132 26
0 429 1627 7 193 184
0 816 8 2272 3186 74
0 2293 100 139 697 11
0 0 1 0 1 0
0 281 854 1 539 153
0 0 12 1 253 1201
0 30 944 4 265 174
0 17 4 4 1976 1604
0 0 52 4 382 296
0 28 72 12 183 136
0 2 294 0 300 77
0 109 875 0 153 31
0 46 125 0 1411 390
0 14 499 0 382 83
0 62 877 0 192 27
0 27 325 0 496 33
0 124 1613 0 44 22
0 16 194 0 923 258
0 11 70 14 1628 1282
0 91 339 1 286 72
0 6 1308 0 178 122
0 1 3 1 1417 36
0 131 779 7 189 6
0 119 2118 52 353 4
0 232 435 48 1695 14
0 441 431 140 2832 426
0 782 1671 50 4914 137
0 411 431 19 665 335
0 158 1145 342 3821 20
0 202 639 126 5303 24
0 152 1090 45 1272 10
0 496 1033 78 2485 70
0 228 238 334 2266 180
0 259 838 77 1392 16
0 872 324 71 828 14
0 578 403 40 2221 6
0 208 425 8 666 8
0 380 584 0 2485 0
0 906 1112 33 8131 17
0 5 14 11 23370 11
0 42 343 1 915 14
0 135 355 27 3414 25
0 1292 4986 16 944 25
0 246 373 297 8211 29
0 92 397 18 4318 2
0 46 120 265 9564 43
0 1337 1502 8 1199 56
0 93 278 18 1115 13
0 847 379 254 4232 32
0 65 1546 0 102 16
0 10 160 20 317 103
0 79 839 0 269 22
0 24 198 2 1803 166
0 52 865 2 288 44
0 14 555 4 2481 186
0 3386 247 240 1853 70
0 399 1795 8 592 12
0 118 207 0 1348 49
0 705 893 1 514 3
0 271 1222 0 85 94
0 1136 5645 0 12 23
0 238 684 0 107 4
0 979 962 0 275 19
0 366 1651 27 317 35
0 387 637 2 232 9
0 337 8685 0 187 8
0 155 222 0 35 4
0 1078 826 0 243 12
0 92 186 0 22 6
0 912 974 1 1840 14
0 390 2347 6 158 27
0 48 726 25 463 95
0 134 603 55 269 19
0 200 1345 3 161 8
0 142 59 13 299 10
0 16 900 4 100 51
0 337 908 2 115 50
0 234 294 0 15 4
0 292 593 0 14 19
0 235 413 0 98 3
0 474 881 0 70 6
0 695 718 0 42 7
0 239 816 0 49 6
0 517 965 0 103 14
0 53 139 0 19 4
0 285 231 1 56 8
0 73 151 0 9 5
0 40 218 12 545 72
0 94 191 0 122 14
0 269 695 0 21 3
0 351 1198 8 107 27
0 420 1657 0 11 31
0 876 1236 1 113 14
0 158 1114 2 7 3
0 31 356 0 27 7
0 61 2230 1 8 12
0 91 695 8 95 19
0 117 443 1 67 3
0 442 1286 3 104 8
0 136 762 1 37 6
0 239 961 159 679 15
0 137 1236 2 78 1
0 68 684 1 17 5
0 238 362 5 19 2
0 30 2027 1 9 7
0 109 328 5 6 3
0 70 505 4 52 8
0 72 217 1 20 11
0 98 366 3 39 10
0 177 1770 1 100 9
0 855 2079 0 35 8
0 37 409 0 2 1
0 69 816 0 42 26
0 144 854 0 35 14
0 243 1112 2 69 6
0 934 2607 4 129 29
0 12 326 0 3 5
0 6 232 0 3 1
0 44 1201 4 133 20
0 15 213 27 59 44
0 140 1307 2 38 3
0 161 210 4 27 9
0 388 2020 0 186 39
0 51 291 0 29 2
0 75 745 9 133 43
0 701 1654 104 306 31
0 626 636 3 539 16
0 80 165 13 449 15
0 1744 558 74 189 32
0 1071 2311 23 126 110
0 18 817 0 543 83
0 157 617 0 286 0
0 26 145 0 672 4
0 382 322 0 1335 0
0 315 130 291 5229 74
0 139 752 2 581 0
0 88 77 225 6130 43
0 1254 491 10 378 5
0 112 630 0 869 22
0 76 303 0 120 6
0 42 217 1 1483 0
0 483 876 0 20 8
0 130 278 10 991 8
0 64 210 2 734 3
0 26 253 0 1049 1
0 72 222 0 90 0
0 204 538 0 615 1
0 63 327 0 299 1
0 50 135 6 613 2
0 88 645 6 236 3
0 119 346 16 725 0
0 726 359 115 391 16
0 123 331 0 74 0
0 42 175 2 74 5
0 235 196 214 5929 22
0 106 769 0 83 2
0 308 373 18 556 20
0 612 530 117 1720 30
0 210 435 0 225 3
0 412 182 10 142 2
0 81 165 0 18 7
0 26 320 0 275 1
0 285 445 19 529 4
0 124 258 7 194 0
0 30 131 28 300 2
0 87 185 40 120 2
0 217 147 64 249 5
0 86 316 3 141 3
0 729 1507 0 57 4
0 154 139 9 681 11
0 131 554 0 10 2
0 208 337 149 6887 370
0 171 409 1 504 1
0 67 177 2 2221 2
0 149 1031 1 86 3
0 152 782 0 240 1
0 79 440 0 20 3
0 408 151 108 1269 38
0 52 162 0 317 0
0 171 710 3 186 3
0 69 421 1 154 14
0 32 714 15 1904 9
0 126 705 6 102 6
0 57 21 894 3598 3
0 59 145 73 429 12
0 35 112 0 8 2
0 115 157 8 92 5
0 70 618 7 316 1
0 1150 762 52 798 15
0 173 394 1 61 1
0 132 34 380 1431 56
0 1055 1 30 170 3
0 328 418 15 438 5
0 110 188 1 30 3
0 395 111 423 711 42
0 214 105 59 2056 11
0 224 28 92 409 10
0 83 166 8 225 4
0 100 81 4 205 2
0 26 231 0 98 2
0 121 30 709 376 30
0 518 183 38 175 3
0 531 70 537 1251 39
0 94 269 49 448 3
0 164 479 10 261 7
0 71 107 5 135 3
0 899 222 67 88 35
0 250 476 0 223 35
0 323 62 27 226 11
0 349 184 5 14 2
0 597 705 34 296 6
0 250 88 12 52 5
0 168 44 69 165 17
0 142 50 11 84 10
0 1171 534 14 83 3
0 680 9 721 405 56
0 276 147 37 423 5
0 306 39 222 198 2
0 157 31 31 592 19
0 954 586 32 25 15
0 168 108 24 76 6
0 46 50 2 524 178
0 120 215 20 459 14
0 273 82 4 185 3
0 965 330 0 22 19
0 319 234 12 849 12
0 167 86 70 309 5
0 256 265 0 53 4
0 56 64 4 955 27
0 209 246 10 196 12
0 296 118 5 131 10
0 1081 248 40 295 27
0 286 44 16 200 6
0 545 32 188 491 8
0 760 511 25 51 4
0 428 323 5 81 15
0 93 115 50 181 11
0 455 276 50 506 5
0 74 305 1 86 10
0 134 374 1 55 16
0 566 194 6 205 24
0 150 585 0 33 20
0 500 516 26 104 17
0 146 406 12 268 66
0 896 649 34 75 7
0 371 67 53 67 8
0 334 87 14 175 15
0 667 318 73 68 8
0 1298 748 134 218 30
0 263 123 5 189 18
0 2585 60 793 321 42
0 284 300 58 90 11
0 273 142 55 72 17
0 367 110 73 274 33
0 120 109 0 100 28
0 425 16 67 154 2
0 109 97 2 46 29
0 398 151 8 235 3
0 248 7 485 313 19
0 508 64 2010 1050 19
0 142 59 16 236 6
0 112 454 0 500 12
0 1010 26 152 583 24
0 369 54 23 261 19
0 145 44 3 175 7
0 387 43 1115 463 15
0 262 27 20 392 2
0 404 159 15 105 9
0 601 113 3 1218 284
0 603 129 42 437 6
0 285 228 2 46 13
0 271 128 233 479 10
0 647 114 171 264 12
0 714 44 14 248 4
0 1285 260 221 210 28
0 366 27 62 196 17
0 1023 130 220 143 15
0 2055 419 23 290 27
0 502 165 32 66 13
0 276 23 15 172 21
0 344 76 53 250 10
0 618 109 91 274 8
0 379 77 1149 260 143
0 540 59 12 414 5
0 408 626 0 83 17
0 496 658 6 155 7
0 445 81 65 655 1
0 195 114 22 24 12
0 601 214 14 86 4
0 240 77 90 1162 45
0 120 128 2 65 8
0 580 251 7 296 0
0 281 50 117 794 9
0 375 12 122 419 22
0 1685 56 161 340 96
0 433 226 46 228 4
0 107 120 92 1504 8
0 1720 99 179 361 17
